<style>
.hmisctable919457 {
border: 1px solid gray;
border-collapse: collapse;
font-size: 100%;
}
.hmisctable919457 td {
text-align: right;
padding: 0 1ex 0 1ex;
}
.hmisctable919457 th {
color: Black;
text-align: center;
padding: 0 1ex 0 1ex;
font-weight: bold;
}
</style>
<table class="hmisctable919457" border="1">
<tr><td>c(`(Intercept)` = 0.605370245770252)</td></tr>
<tr><td>c(`(Intercept)` = 0.0167695247231093, `s(pbl12_min).1` = 0.000919184303446759, `s(pbl12_min).2` = 0.00206952677757511, `s(pbl12_min).3` = 0.00166204029885207, `s(pbl12_min).4` = 0.000891734441352415, `s(pbl12_min).5` = 0.000835756463209895, `s(pbl12_min).6` = 0.000791205542275401, `s(pbl12_min).7` = 0.000805166790253132, `s(pbl12_min).8` = 0.00262871532922498, `s(pbl12_min).9` = 0.0336327585302305, `s(scrapyard).1` = 0.0530081963666106, `s(scrapyard).2` = 0.100821952670413, `s(scrapyard).3` = 0.0379638619138779, 
`s(scrapyard).4` = 0.0492665650893841, `s(scrapyard).5` = 0.0162972072943152, `s(scrapyard).6` = 0.0423067972817856, `s(scrapyard).7` = 0.0242977114412932, `s(scrapyard).8` = 0.190123173314602, `s(scrapyard).9` = 0.0738124046894003, `s(sp_IQR).1` = 0.000381536040983699, `s(sp_IQR).2` = 0.000520343614323487, `s(sp_IQR).3` = 0.000154471889528099, `s(sp_IQR).4` = 0.000328671307240273, `s(sp_IQR).5` = 0.000246809658399622, `s(sp_IQR).6` = 0.00027055436978475, `s(sp_IQR).7` = 0.000118378109459525, `s(sp_IQR).8` = 0.00120510989065438, 
`s(sp_IQR).9` = 0.0399018633395316, `s(wspeed_max_max).1` = 0.10390417407598, `s(wspeed_max_max).2` = 0.0933688682406223, `s(wspeed_max_max).3` = 0.0438317914305538, `s(wspeed_max_max).4` = 0.0498089488096524, `s(wspeed_max_max).5` = 0.0295463268615424, `s(wspeed_max_max).6` = 0.0424826870559594, `s(wspeed_max_max).7` = 0.00869409028191568, `s(wspeed_max_max).8` = 0.184445218713518, `s(wspeed_max_max).9` = 0.110076026364579, `s(tp_median).1` = 0.0666430890231222, `s(tp_median).2` = 0.0224757799431042
)</td></tr>
<tr><td>c(`(Intercept)` = 36.0994277277291)</td></tr>
<tr><td>c(`(Intercept)` = 2.86767981296074e-104)</td></tr>
<tr><td>264.81961944186</td></tr>
<tr><td>5</td></tr>
<tr><td>c(`s(pbl12_min)` = 18.4393467911748, `s(scrapyard)` = 36.1705515216516, `s(sp_IQR)` = 58.1912496616405, `s(wspeed_max_max)` = 57.6907426663725, `s(tp_median)` = 11.4662329920802)</td></tr>
<tr><td>c(2.51227532850895e-05, 3.51969982170797e-06, 0, 0, 0.00278058819367477)</td></tr>
<tr><td>0.181510316722471</td></tr>
<tr><td>0.64697670268324</td></tr>
<tr><td>list(family = "gaussian", link = "log", linkfun = function (mu) 
log(mu), linkinv = function (eta) 
pmax(exp(eta), .Machine$double.eps), variance = function (mu) 
rep.int(1, length(mu)), dev.resids = function (y, mu, wt) 
wt * ((y - mu)^2), aic = function (y, n, mu, wt, dev) 
{
    nobs <- length(y)
    nobs * (log(dev/nobs * 2 * pi) + 1) + 2 - sum(log(wt))
}, mu.eta = function (eta) 
pmax(exp(eta), .Machine$double.eps), initialize = expression({
    n <- rep.int(1, nobs)
    if (family$link == "inverse") 
        mustart <- y + (y == 0) * sd(y) * 0.01
    else if (family$link == "log") 
        mustart <- pmax(y, 0.01 * sd(y))
    else mustart <- y
}), validmu = function (mu) 
TRUE, valideta = function (eta) 
TRUE, dispersion = NA, canonical = "identity", d2link = function (mu) 
-1/mu^2, d3link = function (mu) 
2/mu^3, d4link = function (mu) 
-6/mu^4, scale = -1, dvar = function (mu) 
rep.int(0, length(mu)), d2var = function (mu) 
rep.int(0, length(mu)), d3var = function (mu) 
rep.int(0, length(mu)))</td></tr>
<tr><td>log(value) ~ s(pbl12_min) + s(scrapyard) + s(sp_IQR) + s(wspeed_max_max) + s(tp_median, k = 3)</td></tr>
<tr><td>276</td></tr>
<tr><td>0.659968991541324</td></tr>
<tr><td>c(1.00009249317158, 3.96080912548559, 1.00004798673513, 2.41646758669055, 1.80296336605756)</td></tr>
<tr><td>0.181510316722471</td></tr>
<tr><td>numeric(0)</td></tr>
<tr><td>numeric(0)</td></tr>
<tr><td>numeric(0)</td></tr>
<tr><td>c(0.00154931666980096, -1.87813370679256e-09, 2.44147266547666e-08, -2.57954658430415e-08, 1.98512446635594e-08, -2.13882717909245e-08, -2.16248075735254e-08, -2.16150390738506e-08, 1.1413584452684e-07, -0.000538598530005219, -0.000197730340302212, 3.7406268962086e-05, -2.23898259510088e-06, 1.74671586509866e-05, 5.52593174919677e-06, -2.19188049166938e-05, -7.41703986509505e-06, 0.000176484582171449, 0.000250210376476965, 3.40190252289959e-09, 8.24868442191681e-09, 2.68405103859266e-09, -8.51780710601843e-09, 
-7.19573709511557e-09, -8.74271053225492e-09, 3.76921000002942e-09, -4.68790277733157e-08, -0.000812206897525562, -0.000376275095767871, -0.00105002227048376, -0.000505038109380884, 0.0009299281426395, -0.000696655871982468, -0.000916628461801824, 0.000206317623816262, -0.00521231732098621, 0.00143532178836977, 3.76316576298936e-05, -6.97536514562631e-05, -1.87813370679256e-09, 4.65483063970824e-06, 5.12842276005447e-06, -3.59625863367584e-06, 2.47077282584942e-06, -2.31971034202865e-06, -2.20798652300032e-06, 
-2.24330602780676e-06, 6.05526444499191e-06, 2.96104943642698e-06, -9.36622138917823e-19, -1.5747781509549e-18, -4.80647970849553e-19, -5.5550594225034e-19, -3.18874774404109e-19, 6.57198359529541e-19, 3.37066378263442e-19, -2.97795300659022e-18, 1.00059628811772e-18, 1.05390413805934e-11, 5.0498945222604e-12, 3.70364054277433e-12, -7.90719652144269e-12, -6.15875106057757e-12, -8.25665911309724e-12, 3.75178920395324e-12, -4.41645149386503e-11, 2.04466906040764e-07, -2.89884365690466e-07, -5.0010592383797e-07, 
-2.06893144340562e-08, 4.3094008226602e-08, -4.13786920257451e-08, -5.64427827804315e-08, 1.2448511973894e-08, -5.09492065329706e-08, 4.30394324387178e-07, -2.47491886272873e-07, 2.15316135873167e-07, 2.44147266547666e-08, 5.12842276005447e-06, 2.3596130294065e-05, -1.47214813320754e-05, 8.5578725792242e-06, -8.41775429104442e-06, -8.294886853077e-06, -8.3648222166624e-06, 2.38524532844135e-05, -2.68201820941939e-06, 5.30232785157122e-18, -7.78228871712123e-18, -6.61839867732749e-19, -3.54519222684671e-18, 
1.81976423332818e-19, 4.41050228325599e-18, 3.75112076094473e-18, -1.64244538780859e-17, -1.01936170043736e-17, 2.57176197177422e-12, -5.33419959755786e-12, 6.03171727632063e-13, -7.33386289046573e-13, 2.3032491327271e-14, -5.74430348564193e-13, 3.87843395500299e-13, -5.33683039743774e-12, 4.35363468799868e-07, 2.84161801405235e-07, 3.87924951993304e-07, 2.67628312346866e-07, -4.73595509673874e-07, 3.45636718866504e-07, 4.5316872847255e-07, -1.02134616952071e-07, 2.65251467669336e-06, -1.66007963137602e-07, 
4.82649253438836e-07, 1.86135994716613e-07, -2.57954658430415e-08, -3.59625863367584e-06, -1.47214813320754e-05, 1.5218848189395e-05, -6.57479219443713e-06, 6.5060447830106e-06, 6.43743440116479e-06, 6.48617419418218e-06, -1.8988982163135e-05, 3.69468798172217e-06, 5.64260318291437e-18, 4.77452055421956e-18, 2.62510393427953e-18, 1.73227792479852e-18, -5.54120947826736e-21, -3.48309222331528e-18, -2.55371070350511e-18, 1.16851564900764e-17, -3.9799367130237e-18, 1.19743119660828e-12, 7.48319152653981e-12, 
8.02508797090481e-13, -2.92548599568502e-12, -2.93910535024085e-12, -3.11262352192352e-12, 1.25653901789096e-12, -1.44608671998082e-11, -2.01484537895956e-07, -2.69740898524548e-07, -5.41274942932566e-07, -2.66948217754614e-07, 4.8183599371506e-07, -3.56557439809357e-07, -4.68155075405063e-07, 1.05481126505085e-07, -2.65704458280573e-06, -3.96679380104296e-08, -3.38233521833823e-07, -3.41502631494288e-08, 1.98512446635594e-08, 2.47077282584942e-06, 8.5578725792242e-06, -6.57479219443713e-06, 4.38096483027987e-06, 
-3.68097395902937e-06, -3.5956968992838e-06, -3.63301989240947e-06, 1.10163890800697e-05, -1.97038719997612e-07, 1.01009031330199e-18, -4.90713550875425e-19, -2.78092931426013e-19, -4.24122437647955e-19, 5.2056714953888e-19, 1.56646191377542e-18, 2.0655582312146e-18, -3.54476626673816e-18, -3.62282482721102e-18, 2.87771883298984e-12, -4.19087388062901e-12, 1.18526040172951e-13, 4.50166246342692e-13, 7.82933836529176e-13, 4.88881550045229e-13, -1.07619384764777e-13, 1.17702576232863e-12, 1.49832087266346e-07, 
8.82352083864144e-08, 3.02477661406359e-07, 2.05272079742414e-07, -3.7231307012972e-07, 2.74535436219166e-07, 3.6027077146612e-07, -8.11816824061209e-08, 2.11494143921184e-06, 1.50398981122303e-08, 6.26598639996512e-08, 1.13095929772494e-07, -2.13882717909245e-08, -2.31971034202865e-06, -8.41775429104442e-06, 6.5060447830106e-06, -3.68097395902937e-06, 3.84820476549056e-06, 3.5105296819118e-06, 3.54584026540469e-06, -1.0928984372296e-05, 5.39069418321319e-07, -7.40405506705325e-19, 2.97482905933509e-18, 
7.46346696691496e-19, 1.3132255402606e-18, -3.37147519597436e-19, -2.45860354891986e-18, -2.24256270422548e-18, 7.59536645379437e-18, 3.4183236408834e-18, -2.11232487052789e-12, 4.14299929987363e-12, -2.57316660239624e-13, -5.49733742762212e-13, -9.01786190729882e-13, -5.74061505185669e-13, 1.3742403647023e-13, -1.71528246993879e-12, -1.64732970276195e-07, -1.02637958199509e-07, -3.01349677959317e-07, -2.12281239133838e-07, 3.8511665819672e-07, -2.83457573578712e-07, -3.71776715471235e-07, 8.38245427611251e-08, 
-2.19052699806449e-06, -7.98981720028642e-09, -8.01993664218535e-08, -1.00203841211994e-07, -2.16248075735254e-08, -2.20798652300032e-06, -8.294886853077e-06, 6.43743440116479e-06, -3.5956968992838e-06, 3.5105296819118e-06, 3.44887398926461e-06, 3.47190219085931e-06, -1.08382832927247e-05, 7.66471511294463e-07, -8.13416528329177e-19, 3.40538255468991e-18, 8.01284194765875e-19, 1.37992082551955e-18, -2.60717927832016e-19, -2.56775689190554e-18, -2.51876160577042e-18, 8.29301777075065e-18, 3.63857159708305e-18, 
-2.54971357037425e-12, 4.26410877283871e-12, -3.14469198846623e-13, -3.25426954809463e-13, -7.32201371274542e-13, -3.50613371475931e-13, 3.44427024592059e-14, -3.87404725989985e-13, -1.69359237386967e-07, -1.07596299225594e-07, -3.0458169064507e-07, -2.17959953066089e-07, 3.94898145678115e-07, -2.90391688616266e-07, -3.80860568078881e-07, 8.58644008885655e-08, -2.24603617146799e-06, -6.55567292752871e-09, -9.01278831291959e-08, -9.84853265789111e-08, -2.16150390738506e-08, -2.24330602780676e-06, 
-8.3648222166624e-06, 6.48617419418218e-06, -3.63301989240947e-06, 3.54584026540469e-06, 3.47190219085931e-06, 3.57166232659806e-06, -1.09145124503085e-05, 7.23378868021409e-07, -9.04996647149652e-19, 3.39756712351578e-18, 7.87180043483191e-19, 1.32102522430855e-18, -3.45686146223324e-19, -2.80102640540613e-18, -2.58890735713268e-18, 8.48243161638455e-18, 3.92494277802876e-18, -2.57022448801601e-12, 4.27193168366967e-12, -3.10317923427828e-13, -3.25884102058479e-13, -7.318266663702e-13, -3.51539408272747e-13, 
3.50248321428156e-14, -3.88403622131838e-13, -1.70463079947267e-07, -1.07473201766135e-07, -3.05214650123048e-07, -2.17994586602671e-07, 3.9502911763632e-07, -2.90504363367827e-07, -3.81012730742385e-07, 8.58975055650193e-08, -2.24659627066663e-06, -7.30097707364249e-09, -8.79291537455403e-08, -9.75752143940698e-08, 1.1413584452684e-07, 6.05526444499191e-06, 2.38524532844135e-05, -1.8988982163135e-05, 1.10163890800697e-05, -1.0928984372296e-05, -1.08382832927247e-05, -1.09145124503085e-05, 3.80702563186423e-05, 
-2.08836266686022e-06, 5.95924787134662e-18, -1.59633349237772e-17, -3.41803792069651e-18, -6.32536709820283e-18, 1.91118958694289e-18, 1.29198051774069e-17, 1.28909527661809e-17, -3.96332567593537e-17, -2.12288779874319e-17, 1.26876113941603e-11, -2.18385486387872e-11, 9.82181431800398e-13, 3.68269205701287e-12, 5.25668678470442e-12, 3.6994380969155e-12, -1.01988530477672e-12, 1.28588104803516e-11, 6.0221704961253e-07, 4.2593854159215e-07, 1.60181105319758e-06, 1.12543975538697e-06, -2.05180745234342e-06, 
1.51281687970408e-06, 1.98463456826559e-06, -4.47415241789685e-07, 1.16988644445216e-05, -5.74323383407887e-09, 7.66425451275549e-08, 4.07630955792973e-07, -0.000538598530005219, 2.96104943642698e-06, -2.68201820941939e-06, 3.69468798172217e-06, -1.97038719997612e-07, 5.39069418321319e-07, 7.66471511294463e-07, 7.23378868021409e-07, -2.08836266686022e-06, 0.00623194574709679, 4.68266733070269e-15, -4.04271184338029e-15, 3.33062716140045e-16, 3.00121918055981e-15, 6.59910842618202e-16, 4.48059274509381e-15, 
1.11308760280149e-14, -1.08750733048086e-14, -1.47538097896864e-14, -9.29142121903695e-08, -1.9600987234334e-07, -6.45622024357666e-08, 2.01456031808656e-07, 1.65309297936553e-07, 1.98890772017975e-07, -8.65930345811733e-08, 1.07154006433414e-06, 0.00645262821804558, -0.0153224903436804, 0.00133521015191323, -5.52977458911021e-05, -0.000713342322165384, 0.000403841804596998, 0.00052592637694169, -0.000119230433114272, 0.00231246186379977, 0.0147267635592457, 0.00590272876371247, 0.00239962769116318, 
-0.000197730340302212, -9.36622138917823e-19, 5.30232785157122e-18, 5.64260318291437e-18, 1.01009031330199e-18, -7.40405506705325e-19, -8.13416528329177e-19, -9.04996647149652e-19, 5.95924787134662e-18, 4.68266733070269e-15, 0.0154804913174023, 0.00616441702523853, 0.00451006731388103, 0.00212597705879606, 0.00133854493848196, -0.00282170694878839, -0.000105407230303487, 0.0129823873129629, -0.0185594688820307, 2.71295797941103e-18, 2.22771082917688e-18, 3.18895633792535e-19, -1.25697331110563e-18, 
-9.36908137173895e-19, -1.15834684467491e-18, 6.23748940599285e-19, -4.37586837738718e-18, 7.81362826417941e-15, -3.56094771007688e-15, 4.65269486600134e-14, 1.8606211596491e-14, -2.21107206148897e-14, 1.56346949694915e-14, 2.16719296265527e-14, -4.61653527413042e-15, 9.78291341169659e-14, 1.16580935301918e-15, 6.51502636441466e-15, 1.67941002371427e-15, 3.7406268962086e-05, -1.5747781509549e-18, -7.78228871712123e-18, 4.77452055421956e-18, -4.90713550875425e-19, 2.97482905933509e-18, 3.40538255468991e-18, 
3.39756712351578e-18, -1.59633349237772e-17, -4.04271184338029e-15, 0.00616441702523853, 0.0560026907771721, 0.0119113744761972, 0.0228136093614296, 0.00564842372895173, -0.021504136701985, -0.00868235293463896, 0.102213187705319, -0.00206049005789928, -5.33561073448879e-19, -1.35452998229138e-18, -9.54965202363736e-19, 9.06516715115478e-20, 4.23594618937611e-19, 9.77259127071823e-19, -5.50734221915831e-19, 4.15764652808382e-18, -8.15168420042685e-15, -6.71941557575293e-15, -6.21826876116149e-14, 
-2.49424925854283e-14, 2.91118923255509e-14, -2.14462100215106e-14, -2.92568053650447e-14, 6.33535553009727e-15, -1.36783438323588e-13, 1.10332550409476e-14, -6.86072644294558e-15, -4.81306455851562e-16, -2.23898259510088e-06, -4.80647970849553e-19, -6.61839867732749e-19, 2.62510393427953e-18, -2.78092931426013e-19, 7.46346696691496e-19, 8.01284194765875e-19, 7.87180043483191e-19, -3.41803792069651e-18, 3.33062716140045e-16, 0.00451006731388103, 0.0119113744761972, 0.00794034651826245, 0.00547666022829426, 
0.00147234629102485, -0.00525998946036661, -0.00196083133615984, 0.0243171762058051, -0.00812031642581465, 4.90948579342039e-19, 1.22743670544585e-19, -2.37061733625428e-19, -2.21275857694498e-19, -6.32082378125299e-20, 2.57496360000853e-20, -4.66860085599989e-20, 3.75154880260192e-19, -3.8023453732426e-16, -6.09474182814296e-15, -1.31238662188718e-14, -5.48124929649608e-15, 6.30757331457888e-15, -4.69035918106989e-15, -6.37778767350928e-15, 1.38631015026738e-15, -3.03608164057303e-14, 6.99501113633149e-15, 
4.30084700467051e-17, 6.23063118810807e-16, 1.74671586509866e-05, -5.5550594225034e-19, -3.54519222684671e-18, 1.73227792479852e-18, -4.24122437647955e-19, 1.3132255402606e-18, 1.37992082551955e-18, 1.32102522430855e-18, -6.32536709820283e-18, 3.00121918055981e-15, 0.00212597705879606, 0.0228136093614296, 0.00547666022829426, 0.0133722120016886, 0.00257168765130316, -0.0098236934342359, -0.00398971292228336, 0.0466690538850544, 0.00130760939550584, -3.69349058534085e-19, -5.47316822634624e-19, -4.20031880380486e-19, 
3.63670896363511e-19, 4.75583636622982e-20, 4.83503752445584e-19, -2.00166918439995e-19, 1.54598650815723e-18, 2.17466550860679e-15, -1.9441168749432e-14, -2.14012075649838e-14, -9.41303348728036e-15, 1.06651953257567e-14, -7.97088846974664e-15, -1.08240990157213e-14, 2.35743270904516e-15, -5.23808895556389e-14, 2.08232135825052e-14, 3.21761582554539e-15, 2.48631577054573e-15, 5.52593174919677e-06, -3.18874774404109e-19, 1.81976423332818e-19, -5.54120947826736e-21, 5.2056714953888e-19, -3.37147519597436e-19, 
-2.60717927832016e-19, -3.45686146223324e-19, 1.91118958694289e-18, 6.59910842618202e-16, 0.00133854493848196, 0.00564842372895173, 0.00147234629102485, 0.00257168765130316, 0.00146327200783844, -0.00237127053813025, -0.00094917689578918, 0.010986261439406, -0.00174133823459745, 1.48085407484368e-19, 2.94491626765563e-19, 4.05148172716133e-20, -3.08479126493757e-19, -2.55248781380364e-19, -3.16452832888539e-19, 9.09255827918063e-20, -1.26645163564653e-18, 2.15958168023929e-15, 3.96166923040859e-15, 
2.99982156760978e-14, 1.29290777883867e-14, -1.48114663831722e-14, 1.00633317630108e-14, 1.43343576451034e-14, -2.97159231214991e-15, 6.21164804633008e-14, -4.64207367715979e-15, 2.53579086150637e-16, 1.5182411129542e-16, -2.19188049166938e-05, 6.57198359529541e-19, 4.41050228325599e-18, -3.48309222331528e-18, 1.56646191377542e-18, -2.45860354891986e-18, -2.56775689190554e-18, -2.80102640540613e-18, 1.29198051774069e-17, 4.48059274509381e-15, -0.00282170694878839, -0.021504136701985, -0.00525998946036661, 
-0.0098236934342359, -0.00237127053813025, 0.00986095517082262, 0.00368042262762228, -0.0424311523354659, 0.000796566855510859, 2.17400248634008e-19, 1.0017276226477e-18, 4.1443313895543e-19, -5.51797647320978e-19, -4.64623632106757e-19, -9.64465072901165e-19, 4.77591667972574e-19, -4.12042708174231e-18, 8.95620776160221e-15, 7.04434356259816e-15, 6.68579188780947e-14, 2.68532253674018e-14, -3.07301807978491e-14, 2.30141679588496e-14, 3.13117802494102e-14, -6.79882202401897e-15, 1.47054056360027e-13, 
-1.21406202665509e-14, 7.71821580463145e-15, 5.90851550184765e-16, -7.41703986509505e-06, 3.37066378263442e-19, 3.75112076094473e-18, -2.55371070350511e-18, 2.0655582312146e-18, -2.24256270422548e-18, -2.51876160577042e-18, -2.58890735713268e-18, 1.28909527661809e-17, 1.11308760280149e-14, -0.000105407230303487, -0.00868235293463896, -0.00196083133615984, -0.00398971292228336, -0.00094917689578918, 0.00368042262762228, 0.00325259077249609, -0.0176324151888711, -0.00228384885918461, 3.38971016017262e-19, 
1.21902047480223e-18, 1.61000103056419e-19, -5.52386098030115e-19, -6.24140905901265e-19, -9.24346386540278e-19, 8.44131219069924e-19, -4.8810252241854e-18, 1.71744218711148e-14, -1.4749779440647e-14, 8.03241270860968e-14, 3.0978571770105e-14, -3.76273292455641e-14, 2.69709473267837e-14, 3.69732051479836e-14, -7.96309538827564e-15, 1.69514772953005e-13, 9.74165565661917e-15, 1.61378011024984e-14, 4.17195549488508e-15, 0.000176484582171449, -2.97795300659022e-18, -1.64244538780859e-17, 1.16851564900764e-17, 
-3.54476626673816e-18, 7.59536645379437e-18, 8.29301777075065e-18, 8.48243161638455e-18, -3.96332567593537e-17, -1.08750733048086e-14, 0.0129823873129629, 0.102213187705319, 0.0243171762058051, 0.0466690538850544, 0.010986261439406, -0.0424311523354659, -0.0176324151888711, 0.199144719065652, -0.00395643456463198, -9.00151516055908e-19, -3.09789739260744e-18, -1.71937207332542e-18, 1.06392973193375e-18, 1.1159128398037e-18, 2.61266081236986e-18, -1.52911471216593e-18, 1.12940423001716e-17, -2.26278246656478e-14, 
-2.25379361359023e-14, -1.79310315753226e-13, -7.20640375780621e-14, 8.40144447584349e-14, -6.19540841877391e-14, -8.44887395811742e-14, 1.83021798140202e-14, -3.95483602011334e-13, 3.50139327027207e-14, -1.88265813846941e-14, -9.00004752299467e-16, 0.000250210376476965, 1.00059628811772e-18, -1.01936170043736e-17, -3.9799367130237e-18, -3.62282482721102e-18, 3.4183236408834e-18, 3.63857159708305e-18, 3.92494277802876e-18, -2.12288779874319e-17, -1.47538097896864e-14, -0.0185594688820307, -0.00206049005789928, 
-0.00812031642581465, 0.00130760939550584, -0.00174133823459745, 0.000796566855510859, -0.00228384885918461, -0.00395643456463198, 0.0300163163417439, -3.63124169868984e-18, -4.01339047048167e-18, -5.10145857931191e-19, 2.49789137488393e-18, 1.86015615393799e-18, 2.62533953927982e-18, -1.56892748493562e-18, 1.09275745677384e-17, -2.52185333283116e-14, 7.30861171486219e-15, -1.5649288906424e-13, -6.2681824431716e-14, 7.42953990134726e-14, -5.27891696555283e-14, -7.30380597729791e-14, 1.55881572775984e-14, 
-3.3116004058299e-13, 1.04849634302887e-15, -2.08984406398604e-14, -4.92777092194893e-15, 3.40190252289959e-09, 1.05390413805934e-11, 2.57176197177422e-12, 1.19743119660828e-12, 2.87771883298984e-12, -2.11232487052789e-12, -2.54971357037425e-12, -2.57022448801601e-12, 1.26876113941603e-11, -9.29142121903695e-08, 2.71295797941103e-18, -5.33561073448879e-19, 4.90948579342039e-19, -3.69349058534085e-19, 1.48085407484368e-19, 2.17400248634008e-19, 3.38971016017262e-19, -9.00151516055908e-19, -3.63124169868984e-18, 
8.01991606857758e-07, 1.97072493156761e-07, 6.25004027404623e-08, -9.99466826546596e-08, -8.11108965303543e-08, -7.67813038367987e-08, 2.87887511395931e-08, -1.75995777788063e-07, -8.77506058824351e-07, 1.32160642417416e-07, 1.61795127099856e-07, 2.5137440916246e-08, -3.64555767104327e-08, 2.80172593835147e-08, 3.69787534621373e-08, -8.43641259494656e-09, 1.39160233340571e-07, -3.15344065061924e-08, 5.86857598846861e-07, -1.26206010152663e-08, 8.24868442191681e-09, 5.0498945222604e-12, -5.33419959755786e-12, 
7.48319152653981e-12, -4.19087388062901e-12, 4.14299929987363e-12, 4.26410877283871e-12, 4.27193168366967e-12, -2.18385486387872e-11, -1.9600987234334e-07, 2.22771082917688e-18, -1.35452998229138e-18, 1.22743670544585e-19, -5.47316822634624e-19, 2.94491626765563e-19, 1.0017276226477e-18, 1.21902047480223e-18, -3.09789739260744e-18, -4.01339047048167e-18, 1.97072493156761e-07, 1.49169194267463e-06, 2.41172982601699e-07, -7.70182337629354e-07, -5.8216441651215e-07, -6.69053997529434e-07, 2.83419825714008e-07, 
-2.75545088184976e-06, -8.01243344616701e-08, 7.10848876181504e-08, 4.17999496486347e-07, 9.76443436637814e-08, -1.88055720508163e-07, 1.44241025071117e-07, 1.9014117814766e-07, -4.27693978417802e-08, 9.5821722564585e-07, 2.49907716390706e-07, -3.86705977002051e-09, -7.35349728118776e-08, 2.68405103859266e-09, 3.70364054277433e-12, 6.03171727632063e-13, 8.02508797090481e-13, 1.18526040172951e-13, -2.57316660239624e-13, -3.14469198846623e-13, -3.10317923427828e-13, 9.82181431800398e-13, -6.45622024357666e-08, 
3.18895633792535e-19, -9.54965202363736e-19, -2.37061733625428e-19, -4.20031880380486e-19, 4.05148172716133e-20, 4.1443313895543e-19, 1.61000103056419e-19, -1.71937207332542e-18, -5.10145857931191e-19, 6.25004027404623e-08, 2.41172982601699e-07, 1.31461203336808e-07, -1.57318369731306e-07, -1.19212845555372e-07, -1.35160471253037e-07, 5.68622316510996e-08, -5.70299912037421e-07, -9.29117596288707e-08, -2.33178960975213e-09, 1.22988978448288e-07, 3.12881743573273e-08, -5.8620808783672e-08, 4.56209611788861e-08, 
6.03519845587738e-08, -1.35552072887235e-08, 3.09831228249136e-07, 9.62391141808791e-08, 3.06455204833826e-08, -3.99455186984286e-08, -8.51780710601843e-09, -7.90719652144269e-12, -7.33386289046573e-13, -2.92548599568502e-12, 4.50166246342692e-13, -5.49733742762212e-13, -3.25426954809463e-13, -3.25884102058479e-13, 3.68269205701287e-12, 2.01456031808656e-07, -1.25697331110563e-18, 9.06516715115478e-20, -2.21275857694498e-19, 3.63670896363511e-19, -3.08479126493757e-19, -5.51797647320978e-19, -5.52386098030115e-19, 
1.06392973193375e-18, 2.49789137488393e-18, -9.99466826546596e-08, -7.70182337629354e-07, -1.57318369731306e-07, 5.95144287959124e-07, 3.886520814378e-07, 4.48065405263999e-07, -1.90218995650863e-07, 1.947867904271e-06, -2.99366341736853e-08, -6.09509263557566e-10, -3.06149439061441e-07, -8.41022730729813e-08, 1.57363339411312e-07, -1.21888219905387e-07, -1.61010823202173e-07, 3.62269577862699e-08, -8.42048107505766e-07, -2.75749479669296e-07, -9.60909906812182e-08, 8.47774808054894e-08, -7.19573709511557e-09, 
-6.15875106057757e-12, 2.3032491327271e-14, -2.93910535024085e-12, 7.82933836529176e-13, -9.01786190729882e-13, -7.32201371274542e-13, -7.318266663702e-13, 5.25668678470442e-12, 1.65309297936553e-07, -9.36908137173895e-19, 4.23594618937611e-19, -6.32082378125299e-20, 4.75583636622982e-20, -2.55248781380364e-19, -4.64623632106757e-19, -6.24140905901265e-19, 1.1159128398037e-18, 1.86015615393799e-18, -8.11108965303543e-08, -5.8216441651215e-07, -1.19212845555372e-07, 3.886520814378e-07, 3.35600799884433e-07, 
3.36691583084362e-07, -1.42823632404012e-07, 1.47503595422769e-06, -1.69568729454767e-10, -8.85449331186423e-09, -2.63952226606626e-07, -7.04360403356467e-08, 1.32493642138034e-07, -1.02545378558856e-07, -1.35381208698843e-07, 3.04683293389108e-08, -7.04254763562778e-07, -2.24127877448777e-07, -6.23079875907975e-08, 7.94684116469153e-08, -8.74271053225492e-09, -8.25665911309724e-12, -5.74430348564193e-13, -3.11262352192352e-12, 4.88881550045229e-13, -5.74061505185669e-13, -3.50613371475931e-13, -3.51539408272747e-13, 
3.6994380969155e-12, 1.98890772017975e-07, -1.15834684467491e-18, 9.77259127071823e-19, 2.57496360000853e-20, 4.83503752445584e-19, -3.16452832888539e-19, -9.64465072901165e-19, -9.24346386540278e-19, 2.61266081236986e-18, 2.62533953927982e-18, -7.67813038367987e-08, -6.69053997529434e-07, -1.35160471253037e-07, 4.48065405263999e-07, 3.36691583084362e-07, 4.03281027389453e-07, -1.65068461216512e-07, 1.72605216197735e-06, -5.51273318717492e-08, -1.24927127770287e-08, -3.18591065918617e-07, -8.61141675068165e-08, 
1.61463336234935e-07, -1.24948935824992e-07, -1.64988215129282e-07, 3.71239315669686e-08, -8.5990792233767e-07, -2.73042675711615e-07, -8.28964427634989e-08, 9.62309657963153e-08, 3.76921000002942e-09, 3.75178920395324e-12, 3.87843395500299e-13, 1.25653901789096e-12, -1.07619384764777e-13, 1.3742403647023e-13, 3.44427024592059e-14, 3.50248321428156e-14, -1.01988530477672e-12, -8.65930345811733e-08, 6.23748940599285e-19, -5.50734221915831e-19, -4.66860085599989e-20, -2.00166918439995e-19, 9.09255827918063e-20, 
4.77591667972574e-19, 8.44131219069924e-19, -1.52911471216593e-18, -1.56892748493562e-18, 2.87887511395931e-08, 2.83419825714008e-07, 5.68622316510996e-08, -1.90218995650863e-07, -1.42823632404012e-07, -1.65068461216512e-07, 7.72042991949474e-08, -7.37147111706304e-07, 3.45854625242223e-08, 5.9274367080551e-09, 1.38146308147572e-07, 3.70165723927541e-08, -6.94436853992437e-08, 5.37689955134481e-08, 7.09995207568094e-08, -1.59754029522194e-08, 3.69422890903281e-07, 1.16234472668646e-07, 3.43989453159295e-08, 
-4.09981901204597e-08, -4.68790277733157e-08, -4.41645149386503e-11, -5.33683039743774e-12, -1.44608671998082e-11, 1.17702576232863e-12, -1.71528246993879e-12, -3.87404725989985e-13, -3.88403622131838e-13, 1.28588104803516e-11, 1.07154006433414e-06, -4.37586837738718e-18, 4.15764652808382e-18, 3.75154880260192e-19, 1.54598650815723e-18, -1.26645163564653e-18, -4.12042708174231e-18, -4.8810252241854e-18, 1.12940423001716e-17, 1.09275745677384e-17, -1.75995777788063e-07, -2.75545088184976e-06, -5.70299912037421e-07, 
1.947867904271e-06, 1.47503595422769e-06, 1.72605216197735e-06, -7.37147111706304e-07, 8.00114216523325e-06, -5.84133656583129e-07, -4.50670565158903e-08, -1.61883562599745e-06, -4.507726662911e-07, 8.42834434789338e-07, -6.52360345335679e-07, -8.61436090721045e-07, 1.93842794273067e-07, -4.51801970666633e-06, -1.45282554815535e-06, -4.37012445215968e-07, 5.37864709676298e-07, -0.000812206897525562, 2.04466906040764e-07, 4.35363468799868e-07, -2.01484537895956e-07, 1.49832087266346e-07, -1.64732970276195e-07, 
-1.69359237386967e-07, -1.70463079947267e-07, 6.0221704961253e-07, 0.00645262821804558, 7.81362826417941e-15, -8.15168420042685e-15, -3.8023453732426e-16, 2.17466550860679e-15, 2.15958168023929e-15, 8.95620776160221e-15, 1.71744218711148e-14, -2.26278246656478e-14, -2.52185333283116e-14, -8.77506058824351e-07, -8.01243344616701e-08, -9.29117596288707e-08, -2.99366341736853e-08, -1.69568729454767e-10, -5.51273318717492e-08, 3.45854625242223e-08, -5.84133656583129e-07, 0.00877172563365126, -0.0173455511192603, 
0.00379487883131167, 0.000416822026285422, -0.00175622863263311, 0.00116826557516851, 0.00153006361552449, -0.000345410222660236, 0.0071673948283122, 0.0180354683396549, 0.00764058063878731, 0.00190066882104798, -0.000376275095767871, -2.89884365690466e-07, 2.84161801405235e-07, -2.69740898524548e-07, 8.82352083864144e-08, -1.02637958199509e-07, -1.07596299225594e-07, -1.07473201766135e-07, 4.2593854159215e-07, -0.0153224903436804, -3.56094771007688e-15, -6.71941557575293e-15, -6.09474182814296e-15, 
-1.9441168749432e-14, 3.96166923040859e-15, 7.04434356259816e-15, -1.4749779440647e-14, -2.25379361359023e-14, 7.30861171486219e-15, 1.32160642417416e-07, 7.10848876181504e-08, -2.33178960975213e-09, -6.09509263557566e-10, -8.85449331186423e-09, -1.24927127770287e-08, 5.9274367080551e-09, -4.50670565158903e-08, -0.0173455511192603, 0.0594791391770797, 0.000804911709447397, 0.00292364867967452, -0.00245575343612742, 0.00219256577469908, 0.00282861569409669, -0.000657252112273333, 0.0191137234627396, 
-0.0588677796276607, -0.019519207796731, -0.00923441989335568, -0.00105002227048376, -5.0010592383797e-07, 3.87924951993304e-07, -5.41274942932566e-07, 3.02477661406359e-07, -3.01349677959317e-07, -3.0458169064507e-07, -3.05214650123048e-07, 1.60181105319758e-06, 0.00133521015191323, 4.65269486600134e-14, -6.21826876116149e-14, -1.31238662188718e-14, -2.14012075649838e-14, 2.99982156760978e-14, 6.68579188780947e-14, 8.03241270860968e-14, -1.79310315753226e-13, -1.5649288906424e-13, 1.61795127099856e-07, 
4.17999496486347e-07, 1.22988978448288e-07, -3.06149439061441e-07, -2.63952226606626e-07, -3.18591065918617e-07, 1.38146308147572e-07, -1.61883562599745e-06, 0.00379487883131167, 0.000804911709447397, 0.0480289259252636, 0.0136682668501868, -0.0210043976635183, 0.0140042841620384, 0.0191074319498234, -0.00413694122094798, 0.0841297203359556, 0.00290663942715278, 0.00100179589347458, 5.4088571033927e-05, -0.000505038109380884, -2.06893144340562e-08, 2.67628312346866e-07, -2.66948217754614e-07, 2.05272079742414e-07, 
-2.12281239133838e-07, -2.17959953066089e-07, -2.17994586602671e-07, 1.12543975538697e-06, -5.52977458911021e-05, 1.8606211596491e-14, -2.49424925854283e-14, -5.48124929649608e-15, -9.41303348728036e-15, 1.29290777883867e-14, 2.68532253674018e-14, 3.0978571770105e-14, -7.20640375780621e-14, -6.2681824431716e-14, 2.5137440916246e-08, 9.76443436637814e-08, 3.12881743573273e-08, -8.41022730729813e-08, -7.04360403356467e-08, -8.61141675068165e-08, 3.70165723927541e-08, -4.507726662911e-07, 0.000416822026285422, 
0.00292364867967452, 0.0136682668501868, 0.0105846652394372, -0.0077549381343956, 0.00520748953856812, 0.00710903113230133, -0.00153897236224528, 0.0322296314903958, -0.0062918948924491, -0.00144725106393616, 0.000630041625966266, 0.0009299281426395, 4.3094008226602e-08, -4.73595509673874e-07, 4.8183599371506e-07, -3.7231307012972e-07, 3.8511665819672e-07, 3.94898145678115e-07, 3.9502911763632e-07, -2.05180745234342e-06, -0.000713342322165384, -2.21107206148897e-14, 2.91118923255509e-14, 6.30757331457888e-15, 
1.06651953257567e-14, -1.48114663831722e-14, -3.07301807978491e-14, -3.76273292455641e-14, 8.40144447584349e-14, 7.42953990134726e-14, -3.64555767104327e-08, -1.88055720508163e-07, -5.8620808783672e-08, 1.57363339411312e-07, 1.32493642138034e-07, 1.61463336234935e-07, -6.94436853992437e-08, 8.42834434789338e-07, -0.00175622863263311, -0.00245575343612742, -0.0210043976635183, -0.0077549381343956, 0.0136682665003329, -0.00737751859095671, -0.0101701678505888, 0.0021788849541826, -0.0451854075116742, 
0.000722923069037353, -0.000308737755484676, 0.000232172024734107, -0.000696655871982468, -4.13786920257451e-08, 3.45636718866504e-07, -3.56557439809357e-07, 2.74535436219166e-07, -2.83457573578712e-07, -2.90391688616266e-07, -2.90504363367827e-07, 1.51281687970408e-06, 0.000403841804596998, 1.56346949694915e-14, -2.14462100215106e-14, -4.69035918106989e-15, -7.97088846974664e-15, 1.00633317630108e-14, 2.30141679588496e-14, 2.69709473267837e-14, -6.19540841877391e-14, -5.27891696555283e-14, 2.80172593835147e-08, 
1.44241025071117e-07, 4.56209611788861e-08, -1.21888219905387e-07, -1.02545378558856e-07, -1.24948935824992e-07, 5.37689955134481e-08, -6.52360345335679e-07, 0.00116826557516851, 0.00219256577469908, 0.0140042841620384, 0.00520748953856812, -0.00737751859095671, 0.00480956370289352, 0.0065791496938804, -0.00140363772463349, 0.0296022137387146, -0.00193857544807232, 0.000525215471366368, -0.000135516298616523, -0.000916628461801824, -5.64427827804315e-08, 4.5316872847255e-07, -4.68155075405063e-07, 
3.6027077146612e-07, -3.71776715471235e-07, -3.80860568078881e-07, -3.81012730742385e-07, 1.98463456826559e-06, 0.00052592637694169, 2.16719296265527e-14, -2.92568053650447e-14, -6.37778767350928e-15, -1.08240990157213e-14, 1.43343576451034e-14, 3.13117802494102e-14, 3.69732051479836e-14, -8.44887395811742e-14, -7.30380597729791e-14, 3.69787534621373e-08, 1.9014117814766e-07, 6.03519845587738e-08, -1.61010823202173e-07, -1.35381208698843e-07, -1.64988215129282e-07, 7.09995207568094e-08, -8.61436090721045e-07, 
0.00153006361552449, 0.00282861569409669, 0.0191074319498234, 0.00710903113230133, -0.0101701678505888, 0.0065791496938804, 0.00994311911346662, -0.00194262470248216, 0.0407155301489011, -0.00200540154780451, 0.000656598942534747, -0.000187438737003941, 0.000206317623816262, 1.2448511973894e-08, -1.02134616952071e-07, 1.05481126505085e-07, -8.11816824061209e-08, 8.38245427611251e-08, 8.58644008885655e-08, 8.58975055650193e-08, -4.47415241789685e-07, -0.000119230433114272, -4.61653527413042e-15, 6.33535553009727e-15, 
1.38631015026738e-15, 2.35743270904516e-15, -2.97159231214991e-15, -6.79882202401897e-15, -7.96309538827564e-15, 1.83021798140202e-14, 1.55881572775984e-14, -8.43641259494656e-09, -4.27693978417802e-08, -1.35552072887235e-08, 3.62269577862699e-08, 3.04683293389108e-08, 3.71239315669686e-08, -1.59754029522194e-08, 1.93842794273067e-07, -0.000345410222660236, -0.000657252112273333, -0.00413694122094798, -0.00153897236224528, 0.0021788849541826, -0.00140363772463349, -0.00194262470248216, 0.000416434763571448, 
-0.00874526119696755, 0.000593858451436167, -0.000148782916423733, 4.18006455819712e-05, -0.00521231732098621, -5.09492065329706e-08, 2.65251467669336e-06, -2.65704458280573e-06, 2.11494143921184e-06, -2.19052699806449e-06, -2.24603617146799e-06, -2.24659627066663e-06, 1.16988644445216e-05, 0.00231246186379977, 9.78291341169659e-14, -1.36783438323588e-13, -3.03608164057303e-14, -5.23808895556389e-14, 6.21164804633008e-14, 1.47054056360027e-13, 1.69514772953005e-13, -3.95483602011334e-13, -3.3116004058299e-13, 
1.39160233340571e-07, 9.5821722564585e-07, 3.09831228249136e-07, -8.42048107505766e-07, -7.04254763562778e-07, -8.5990792233767e-07, 3.69422890903281e-07, -4.51801970666633e-06, 0.0071673948283122, 0.0191137234627396, 0.0841297203359556, 0.0322296314903958, -0.0451854075116742, 0.0296022137387146, 0.0407155301489011, -0.00874526119696755, 0.187427576132183, -0.019829226891157, 0.00411277540728743, -0.00158518384967991, 0.00143532178836977, 4.30394324387178e-07, -1.66007963137602e-07, -3.96679380104296e-08, 
1.50398981122303e-08, -7.98981720028642e-09, -6.55567292752871e-09, -7.30097707364249e-09, -5.74323383407887e-09, 0.0147267635592457, 1.16580935301918e-15, 1.10332550409476e-14, 6.99501113633149e-15, 2.08232135825052e-14, -4.64207367715979e-15, -1.21406202665509e-14, 9.74165565661917e-15, 3.50139327027207e-14, 1.04849634302887e-15, -3.15344065061924e-08, 2.49907716390706e-07, 9.62391141808791e-08, -2.75749479669296e-07, -2.24127877448777e-07, -2.73042675711615e-07, 1.16234472668646e-07, -1.45282554815535e-06, 
0.0180354683396549, -0.0588677796276607, 0.00290663942715278, -0.0062918948924491, 0.000722923069037353, -0.00193857544807232, -0.00200540154780451, 0.000593858451436167, -0.019829226891157, 0.06675505722764, 0.019800262753867, 0.00720439756059984, 3.76316576298936e-05, -2.47491886272873e-07, 4.82649253438836e-07, -3.38233521833823e-07, 6.26598639996512e-08, -8.01993664218535e-08, -9.01278831291959e-08, -8.79291537455403e-08, 7.66425451275549e-08, 0.00590272876371247, 6.51502636441466e-15, -6.86072644294558e-15, 
4.30084700467051e-17, 3.21761582554539e-15, 2.53579086150637e-16, 7.71821580463145e-15, 1.61378011024984e-14, -1.88265813846941e-14, -2.08984406398604e-14, 5.86857598846861e-07, -3.86705977002051e-09, 3.06455204833826e-08, -9.60909906812182e-08, -6.23079875907975e-08, -8.28964427634989e-08, 3.43989453159295e-08, -4.37012445215968e-07, 0.00764058063878731, -0.019519207796731, 0.00100179589347458, -0.00144725106393616, -0.000308737755484676, 0.000525215471366368, 0.000656598942534747, -0.000148782916423733, 
0.00411277540728743, 0.019800262753867, 0.0244685888644806, 0.00366054448559905, -6.97536514562631e-05, 2.15316135873167e-07, 1.86135994716613e-07, -3.41502631494288e-08, 1.13095929772494e-07, -1.00203841211994e-07, -9.84853265789111e-08, -9.75752143940698e-08, 4.07630955792973e-07, 0.00239962769116318, 1.67941002371427e-15, -4.81306455851562e-16, 6.23063118810807e-16, 2.48631577054573e-15, 1.5182411129542e-16, 5.90851550184765e-16, 4.17195549488508e-15, -9.00004752299467e-16, -4.92777092194893e-15, 
-1.26206010152663e-08, -7.35349728118776e-08, -3.99455186984286e-08, 8.47774808054894e-08, 7.94684116469153e-08, 9.62309657963153e-08, -4.09981901204597e-08, 5.37864709676298e-07, 0.00190066882104798, -0.00923441989335568, 5.4088571033927e-05, 0.000630041625966266, 0.000232172024734107, -0.000135516298616523, -0.000187438737003941, 4.18006455819712e-05, -0.00158518384967991, 0.00720439756059984, 0.00366054448559905, 0.00278309626236416)</td></tr>
<tr><td>c(0.000281216959438976, -3.40900643967066e-10, 4.43152476779923e-09, -4.68214317517414e-09, 3.60320570621792e-09, -3.88219198691699e-09, -3.92512567173308e-09, -3.9233525882632e-09, 2.07168332894534e-08, -9.77611897675045e-05, -3.58900966938964e-05, 6.78962372671415e-06, -4.0639843997286e-07, 3.17046949898223e-06, 1.00301362198346e-06, -3.97848922260714e-06, -1.34626925505659e-06, 3.20337724065726e-05, 4.54157646815827e-05, 6.17480404390477e-10, 1.49722132196583e-09, 4.8718295411423e-10, -1.54606986559432e-09, 
-1.30610051918606e-09, -1.58689215772247e-09, 6.84150500898845e-10, -8.50902717877604e-09, -0.00014742393121404, -6.82978118076043e-05, -0.000190589874881155, -9.16696271906421e-05, 0.000168791551699635, -0.000126450227970107, -0.00016637752241848, 3.74487772443173e-05, -0.000946089367790227, 0.000260525712405659, 6.83053409519356e-06, -1.26610073683752e-05, -3.40900643967066e-10, 8.44899783702904e-07, 9.30861639464214e-07, -6.52758043614422e-07, 4.48470758169203e-07, -4.21051358886012e-07, -4.00772333108736e-07, 
-4.07183187612633e-07, 1.0990929672488e-06, 5.37461021036754e-07, -1.70006581084252e-19, -2.85838480947452e-19, -8.72425654209153e-20, -1.00830059519074e-19, -5.78790612968962e-20, 1.19288282387695e-19, 6.11810250750936e-20, -5.40529193410826e-19, 1.81618549167575e-19, 1.91294473894273e-12, 9.16607954150556e-13, 6.72248967945153e-13, -1.43523774499388e-12, -1.11787685562029e-12, -1.49866881068775e-12, 6.809884466855e-13, -8.0163150944087e-12, 3.71128528747227e-08, -5.26170030293691e-08, -9.07743846306138e-08, 
-3.75532401569633e-09, 7.82200708205128e-09, -7.51065949515457e-09, -1.02449473791737e-08, 2.25953335110496e-09, -9.24780661455807e-09, 7.81210101350705e-08, -4.49223306636309e-08, 3.90821000177971e-08, 4.43152476779923e-09, 9.30861639464214e-07, 4.28294108310042e-06, -2.67210073920895e-06, 1.55334216232553e-06, -1.52790924745941e-06, -1.50560753987906e-06, -1.51830152987355e-06, 4.32946635026184e-06, -4.86813974647147e-07, 9.62427207705071e-19, -1.41256568987038e-18, -1.20130764011729e-19, -6.43488963936987e-19, 
